[experiment]
init_Ca = 0.87725294608097
init_T = 324.475443431599
init_Tc = 300
ideal_Ca = 0.8
ideal_T = 330
time_step = 100


[pid]
Kps = [0.1, 0.1]
Kds = [0.1, 0.1]
Kis = [0.1, 0.1]
Kb = 0.0

